È«±æµ¿0,34,78,86
È«±æµ¿1,24,43,71
È«±æµ¿2,90,32,35
È«±æµ¿3,13,51,72
È«±æµ¿4,13,71,54
È«±æµ¿5,96,12,79
È«±æµ¿6,98,82,5
È«±æµ¿7,83,50,81
È«±æµ¿8,6,55,62
È«±æµ¿9,8,70,78
È«±æµ¿10,44,87,3
È«±æµ¿11,39,89,88
È«±æµ¿12,78,13,71
È«±æµ¿13,7,94,16
È«±æµ¿14,58,62,58
È«±æµ¿15,80,19,17
È«±æµ¿16,78,38,61
È«±æµ¿17,93,38,49
È«±æµ¿18,22,47,39
È«±æµ¿19,87,25,52
È«±æµ¿20,20,15,42
È«±æµ¿21,51,49,83
È«±æµ¿22,38,49,0
È«±æµ¿23,5,23,40
È«±æµ¿24,90,20,16
È«±æµ¿25,70,14,4
È«±æµ¿26,31,96,13
È«±æµ¿27,97,21,38
È«±æµ¿28,93,37,76
È«±æµ¿29,76,63,39
È«±æµ¿30,18,99,66
È«±æµ¿31,87,58,56
È«±æµ¿32,46,0,86
È«±æµ¿33,66,29,36
È«±æµ¿34,20,1,43
È«±æµ¿35,87,1,98
È«±æµ¿36,65,70,63
È«±æµ¿37,23,72,87
È«±æµ¿38,28,88,47
È«±æµ¿39,28,31,45
È«±æµ¿40,80,7,13
È«±æµ¿41,24,13,6
È«±æµ¿42,55,22,57
È«±æµ¿43,19,75,22
È«±æµ¿44,84,8,36
È«±æµ¿45,76,2,26
È«±æµ¿46,46,6,68
È«±æµ¿47,18,76,64
È«±æµ¿48,85,53,92
È«±æµ¿49,69,24,51
È«±æµ¿50,55,43,81
È«±æµ¿51,49,55,49
È«±æµ¿52,20,70,59
È«±æµ¿53,66,44,52
È«±æµ¿54,96,42,47
È«±æµ¿55,17,6,58
È«±æµ¿56,61,27,62
È«±æµ¿57,95,70,66
È«±æµ¿58,64,39,85
È«±æµ¿59,56,72,18
È«±æµ¿60,90,19,88
È«±æµ¿61,66,5,17
È«±æµ¿62,10,17,19
È«±æµ¿63,36,8,24
È«±æµ¿64,11,26,46
È«±æµ¿65,85,67,96
È«±æµ¿66,15,7,64
È«±æµ¿67,19,53,32
È«±æµ¿68,23,25,34
È«±æµ¿69,56,34,34
È«±æµ¿70,76,29,17
È«±æµ¿71,63,27,61
È«±æµ¿72,66,98,79
È«±æµ¿73,52,11,80
È«±æµ¿74,91,89,84
È«±æµ¿75,40,58,1
È«±æµ¿76,82,6,4
È«±æµ¿77,47,91,13
È«±æµ¿78,99,14,37
È«±æµ¿79,98,3,4
È«±æµ¿80,88,11,43
È«±æµ¿81,17,61,55
È«±æµ¿82,89,48,67
È«±æµ¿83,11,13,50
È«±æµ¿84,18,8,85
È«±æµ¿85,91,87,57
È«±æµ¿86,55,19,37
È«±æµ¿87,50,49,97
È«±æµ¿88,57,31,68
È«±æµ¿89,73,78,12
È«±æµ¿90,8,25,50
È«±æµ¿91,99,36,74
È«±æµ¿92,97,51,21
È«±æµ¿93,98,53,57
È«±æµ¿94,30,25,93
È«±æµ¿95,44,40,98
È«±æµ¿96,17,99,5
È«±æµ¿97,47,33,94
È«±æµ¿98,75,98,80
È«±æµ¿99,86,14,91
